1.443184139454031900e+00 1.460984338311534181e+00 2.276767262976295836e+00
1.189383596379864905e+00 1.139219032787663233e+00 7.445318706004374620e-01
1.948291829356448623e+00 1.965374865020111939e+00 1.398550976986097538e+00
1.082189001810558437e+00 1.741410933677963957e+00 1.931573100207416793e+00
1.906607213151550573e+00 1.686389908970542528e+00 6.387196079884773781e-01
1.271423983072216934e+00 1.129927013467768360e+00 5.886499356724158583e-01
1.359181618782553169e+00 1.240068657092962212e+00 2.297787556618314131e+00
1.588418897835485843e+00 1.817402079720215946e+00 1.671481211369825193e+00
1.733993186361775463e+00 1.821130333752440267e+00 1.804975411446838596e+00
1.009702395803071528e+00 1.654355603301990385e+00 2.361902350692692387e+00
1.232404128157135181e+00 1.021170827106398171e+00 1.001296981729233426e+00
1.647437629707488194e+00 1.604702726894337683e+00 1.324068004962884570e+00
1.715843034641486797e+00 1.627635114843487107e+00 1.748965645279357606e+00
1.669502877325982348e+00 1.142480215030341917e+00 2.391358017822185822e+00
1.556751552942637007e+00 1.679629251437478210e+00 7.558012290138514944e-01
1.117535835981954273e+00 1.032611422603614715e+00 2.182817643453667689e+00
1.247568121259374774e+00 1.417294089377609811e+00 2.336013583843665753e+00
1.726901017356590184e+00 1.898110063412141280e+00 8.110373602572171770e-01
1.344789354130979442e+00 1.060900099361184346e+00 2.200707356803178527e+00
1.332375057211971026e+00 1.445546389845425050e+00 1.713839561890734053e+00
1.857286413648628010e+00 1.105064854193784862e+00 1.573805419380282622e+00
1.196001578042221070e+00 1.291152670364731581e+00 2.079409981492584159e+00
1.138282692472736057e+00 1.340097823917722808e+00 8.436756196919942274e-01
1.207050398259579493e+00 1.560761855119146446e+00 2.531011867608943700e+00
1.413477877290128637e+00 1.434175507422345897e+00 6.559767310821698061e-01
1.382335523444391701e+00 1.640743066852754506e+00 1.313525445125887758e+00
1.979102442887227475e+00 1.883672606388058224e+00 1.524182058125399308e+00
1.618939053944536521e+00 1.927026630213985126e+00 5.716569458847545748e-01
1.533967957313819408e+00 1.958216419879986514e+00 1.777405445192482780e+00
1.497920249943523130e+00 1.422031877078232753e+00 1.166866029004460792e+00
1.671842707725016641e+00 1.211892400885336230e+00 6.237190233331825207e-01
1.425923426785905779e+00 1.534372205543769407e+00 8.650150821672750734e-01
1.837530300771009983e+00 1.868228555018480286e+00 1.889943133566987843e+00
1.026676732955622340e+00 1.769216751155240352e+00 1.123843540989445167e+00
1.994177996854645585e+00 1.186948403191657064e+00 2.382473378657971264e+00
1.123809327136413350e+00 1.175954505140488271e+00 2.409161885046933627e+00
1.604751044605129406e+00 1.974419519490316910e+00 2.311897397445520141e+00
1.889089644628240583e+00 1.589505694027149918e+00 1.076244381415732310e+00
1.465110914345418403e+00 1.404111040880774208e+00 7.794361823748344742e-01
1.564992591397156074e+00 1.325345462480965519e+00 2.512220350313035588e+00
1.070616902314561747e+00 1.796011412346186997e+00 2.171130228266821227e+00
1.406355436131332626e+00 1.015228587470655697e+00 1.014293476125979421e+00
1.396824334840178761e+00 1.995193281742832836e+00 1.794675511825890357e+00
1.633096141747959251e+00 1.393073777256143231e+00 1.995437191131923527e+00
1.260413722170592443e+00 1.283263293688473583e+00 2.121021988229466082e+00
1.651214718847601404e+00 1.451257003566613468e+00 1.044173646811961564e+00
1.821569456393473674e+00 1.854665668511955134e+00 1.106415576920700472e+00
1.219735566793522574e+00 1.487378392386301762e+00 1.561767984565277434e+00
1.515420500583277486e+00 1.474505426594723501e+00 1.342998429926193893e+00
1.311123327564363672e+00 1.508294477751815910e+00 1.841101502260313882e+00
1.963133462422514075e+00 1.540765310867852289e+00 2.046535038031819465e+00
1.485294401979808443e+00 1.704729951117132103e+00 1.643902035232320813e+00
1.476276533046414485e+00 1.382469421152828115e+00 2.435206555012385365e+00
1.765598206274185511e+00 1.729202313082306652e+00 1.189639531607284084e+00
1.104333873299445434e+00 1.661188392078910780e+00 1.969075554716838372e+00
1.771566002182719313e+00 1.270676014846126245e+00 9.176897001041186552e-01
1.910160522868167288e+00 1.225020766468529754e+00 2.597105583362978365e+00
1.172952153876433590e+00 1.514178282708604772e+00 9.324865162839881538e-01
1.090592954864963993e+00 1.904105236124684630e+00 7.050522667660984455e-01
1.862924768603763992e+00 1.913700330487694723e+00 1.607785772844152472e+00
1.927735387405590473e+00 1.610026939272110713e+00 1.414359701436141759e+00
1.599709950821393001e+00 1.194590005749389894e+00 5.573127840961540347e-01
1.157054894931506484e+00 1.930503985131797773e+00 1.919433589627276060e+00
1.226056584715046416e+00 1.117516246338809083e+00 1.427619789488741020e+00
1.896768896306773922e+00 1.757068520500675302e+00 1.370528552870713401e+00
1.371688179740001123e+00 1.207463507497683608e+00 2.592152793959327184e+00
1.841795069147591501e+00 1.529679008813304986e+00 2.535828139956005867e+00
1.784558979641698295e+00 1.154913063264253914e+00 2.450881172659828522e+00
1.064066415377985519e+00 1.080340968058363993e+00 1.852235846964122246e+00
1.057832798405156316e+00 1.091273725282807527e+00 1.208118025261570638e+00
1.814324937365604073e+00 1.493552191276010355e+00 2.097081896183810468e+00
1.625132091764296405e+00 1.304570669094879953e+00 1.622017083454356801e+00
1.328617776005610818e+00 1.949231260819681122e+00 1.720351995511629095e+00
1.432906690692321794e+00 1.076347388584677933e+00 2.030088874055238524e+00
1.705604921771257665e+00 1.041098781307241206e+00 9.591699824439520183e-01
1.149221032189890579e+00 1.571186034405001486e+00 1.275333351194001263e+00
1.367425690803276694e+00 1.003518673091221558e+00 2.060642048827012296e+00
1.501074610179742308e+00 1.839975447726745150e+00 1.141457006957747211e+00
1.950252227044347642e+00 1.263045021266864909e+00 6.784315395355219325e-01
1.743746256025645591e+00 1.786075711467173699e+00 1.485185131410859061e+00
1.804738418275634082e+00 1.879860999733536708e+00 1.247584170622363153e+00
1.520515304172443294e+00 1.373359750540324775e+00 1.491722332001572449e+00
1.931594173574683548e+00 1.807033254125484323e+00 1.965155413984231103e+00
1.287736798293872331e+00 1.361906019636406562e+00 1.544294706574487197e+00
1.164735718687059274e+00 1.237934475699887571e+00 1.065313404267672848e+00
1.874489070860067219e+00 1.556459683797765559e+00 5.373320604407701984e-01
1.545446186584854775e+00 1.691492160261558908e+00 2.261378578294890307e+00
1.578302942245685569e+00 1.733759053640256731e+00 1.294132253471167004e+00
1.306660146984148119e+00 1.253385734764939752e+00 9.833717015886836998e-01
1.295841624140417148e+00 1.590785552943762671e+00 2.235896052563710157e+00
1.750977239308457278e+00 1.163778627490756445e+00 1.215178707579625872e+00
1.692053987768093570e+00 1.055964102991003628e+00 8.264037361812959226e-01
1.792077375401197159e+00 1.846093327748172808e+00 2.562909609178236181e+00
1.030231331316774579e+00 1.355824411714959377e+00 7.246298384198874842e-01
1.687519178659522723e+00 1.985633394833967058e+00 1.454228770501300838e+00
1.019583149432567559e+00 1.337194552733769859e+00 8.983396512374597354e-01
1.980950031513780019e+00 1.715954304206499970e+00 1.869666457070434440e+00
1.252056943898926855e+00 1.311183061105354986e+00 2.141701652939049794e+00
1.045489263698880400e+00 1.633832760253959737e+00 2.477169825669065073e+00
1.453341089715980639e+00 1.772448877771760856e+00 1.676655988944269815e+00
